    0.0 0.0
    0.0069 157.9658
    0.011 255.3518
    0.0151 316.7238
    0.0188 365.5046
    0.0223 404.8384
    0.0256 436.9132
    0.0288 463.2948
    0.0319 485.1457
    0.035 503.3519
    0.038 518.6012
    0.041 531.4352
    0.0439 542.2856
    0.0469 549.0677
    0.0499 553.126
    0.0528 556.0859
    0.0558 558.2786
    0.0588 559.9339
    0.0617 561.212
    0.0647 562.2241
    0.0677 563.048
    0.0706 563.7381
    0.0736 564.3325
    0.0765 564.8578
    0.0795 565.3327
    0.0825 565.7705
    0.0854 566.1805
    0.0884 566.5693
    0.0914 566.9414
    0.0943 567.3002
    0.0973 567.648
    0.1002 567.9865
    0.1032 568.3168
    0.1062 568.6398
    0.1091 568.9561
    0.1121 569.2661
    0.1151 569.5701
    0.118 569.8683
    0.121 570.1609
    0.1239 570.448
    0.1269 570.7297
    0.1299 571.0061
    0.1328 571.2771
    0.1358 571.5429
    0.1387 571.8034
    0.1417 572.0587
    0.1447 572.3087
    0.1476 572.5535
    0.1506 572.793
    0.1535 573.0274
    0.1565 573.2565
    0.1595 573.4805
    0.1624 573.6992
    0.1654 573.9127
    0.1683 574.121
    0.1713 574.3241
    0.1743 574.5219
    0.1772 574.7146
    0.1802 574.9021
    0.1831 575.0843
    0.1861 575.2613
    0.1891 575.4332
    0.192 575.5998
    0.195 575.7612
    0.1979 575.9173
    0.2009 576.0683
    0.2039 576.2141
    0.2068 576.3546
    0.2098 576.4899
    0.2127 576.6201
    0.2157 576.745
    0.2187 576.8647
    0.2216 576.9791
    0.2246 577.0884
    0.2275 577.1924
    0.2305 577.2912
    0.2335 577.3849
    0.2364 577.4732
    0.2394 577.5564
    0.2423 577.6344
    0.2453 577.7071
    0.2482 577.7746
    0.2512 577.8369
    0.2542 577.894
    0.2571 577.9459
    0.2601 577.9926
    0.263 578.034
    0.266 578.0702
    0.269 578.1012
    0.2719 578.127
    0.2749 578.1475
    0.2778 578.1629
    0.2808 578.173
    0.2838 578.1779
    0.2867 578.1776
    0.2897 578.172
    0.2926 578.1613
    0.2956 578.1453
    0.2985 578.1241
    0.3015 578.0977
    0.3045 578.0661
    0.3074 578.0292
    0.3104 577.9872
    0.3133 577.9399
    0.3163 577.8874
    0.3193 577.8297
    0.3222 577.7667
    0.3252 577.6986
    0.3281 577.6252
    0.3311 577.5466
    0.3341 577.4628
    0.337 577.3737
    0.34 577.2795
    0.3429 577.18
    0.3459 577.0753
    0.3488 576.9654
    0.3518 576.8503
    0.3548 576.73
    0.3577 576.6045
    0.3607 576.4737
    0.3636 576.3377
    0.3666 576.1965
    0.3696 576.0501
    0.3725 575.8985
    0.3755 575.7417
    0.3784 575.5796
    0.3814 575.4123
    0.3844 575.2399
    0.3873 575.0622
    0.3903 574.8793
    0.3932 574.6912
    0.3962 574.4978
    0.3992 574.2993
    0.4021 574.0956
    0.4051 573.8866
    0.408 573.6724
    0.411 573.4531
    0.414 573.2285
    0.4169 572.9987
    0.4199 572.7637
    0.4228 572.5235
    0.4258 572.2781
    0.4288 572.0275
    0.4317 571.7717
    0.4347 571.5106
    0.4376 571.2444
    0.4406 570.973
    0.4436 570.6963
    0.4465 570.4145
    0.4495 570.1275
    0.4525 569.8352
    0.4554 569.5378
    0.4584 569.2352
    0.4613 568.9273
    0.4643 568.6143
    0.4673 568.2961
    0.4702 567.9726
    0.4732 567.644
    0.4761 567.3102
    0.4791 566.9712
    0.4821 566.627
    0.485 566.2776
    0.488 565.923
    0.491 565.5633
    0.4939 565.1983
    0.4969 564.8281
    0.4998 564.4528
    0.5028 564.0723
    0.5058 563.6866
    0.5087 563.2957
    0.5117 562.8996
    0.5147 562.4983
    0.5176 562.0919
    0.5206 561.6803
    0.5236 561.2635
    0.5265 560.8415
    0.5295 560.4143
    0.5324 559.982
    0.5354 559.5445
    0.5384 559.1018
    0.5413 558.6539
    0.5443 558.2009
    0.5473 557.7427
    0.5502 557.2793
    0.5532 556.8108
    0.5562 556.3371
    0.5591 555.8582
    0.5621 555.3741
    0.5651 554.8849
    0.568 554.3906
    0.571 553.8911
    0.574 553.3864
    0.5769 552.8765
    0.5799 552.3615
    0.5829 551.8414
    0.5858 551.3161
    0.5888 550.7856
    0.5918 550.25
    0.5947 549.7092
    0.5977 549.1633
    0.6007 548.6122
    0.6036 548.056
    0.6066 547.4947
    0.6096 546.9282
    0.6125 546.3565
    0.6155 545.7798
    0.6185 545.1979
    0.6214 544.6108
    0.6244 544.0186
    0.6274 543.4213
    0.6303 543.3707
    0.6333 543.2194
    0.6362 542.9573
    0.6392 543.1471
    0.6421 543.2269
    0.6451 543.1863
    0.648 543.0382
    0.6509 542.7765
    0.6539 542.9541
    0.6568 543.0025
    0.6597 542.9322
    0.6626 542.7527
    0.6656 542.4728
    0.6685 542.1003
    0.6714 541.6424
    0.6743 541.1057
    0.6773 540.4962
    0.6802 539.8195
    0.6831 539.0804
    0.6861 538.2835
    0.689 537.4331
    0.692 536.533
    0.6949 535.5866
    0.6978 534.5972
    0.7008 533.5677
    0.7037 532.5006
    0.7067 531.3986
    0.7096 530.2639
    0.7126 529.0985
    0.7156 527.9042
    0.7185 526.6829
    0.7215 525.4361
    0.7245 524.1653
    0.7275 522.8718
    0.7304 521.5568
    0.7334 520.2215
    0.7364 518.867
    0.7394 517.4941
    0.7424 516.1037
    0.7454 514.6967
    0.7484 513.2738
    0.7514 511.8357
    0.7544 510.3831
    0.7574 508.9164
    0.7604 507.4363
    0.7635 505.9433
    0.7665 504.4377
    0.7695 502.9202
    0.7726 501.3909
    0.7756 499.8504
    0.7786 498.2989
    0.7817 496.7369
    0.7847 495.1644
    0.7878 493.582
    0.7909 491.9897
    0.7939 490.3879
    0.797 488.7767
    0.8001 487.1565
    0.8032 485.5273
    0.8063 483.8893
    0.8094 482.2429
    0.8125 480.588
    0.8156 478.9249
    0.8187 477.2537
    0.8218 475.5745
    0.8249 473.8875
    0.828 472.1929
    0.8312 470.4906
    0.8343 468.781
    0.8383 367.7436
    0.8424 288.0326
    0.8464 225.2042
    0.8505 175.7318
    0.8545 136.818
    0.8586 106.2449
    0.8626 82.255
    0.8666 63.4564
    0.8707 48.7471
    0.8747 37.2554
    0.8788 28.2919
    0.8828 21.3116
    0.8869 15.8832
    0.8909 11.6654
    0.895 8.3861
    0.899 0.0