0  0
0.01  521.78584
0.02  523.23056
0.03  524.61791
0.04  525.94781
0.05  527.22021
0.06  528.43505
0.07  529.59227
0.08  530.69181
0.09  531.73363
0.1  532.71768
0.11  533.64391
0.12  534.51229
0.13  535.32276
0.14  536.07531
0.15  536.76988
0.16  537.40645
0.17  537.98499
0.18  538.50547
0.19  538.96787
0.2  539.37217
0.21  539.71835
0.22  540.0064
0.23  540.23629
0.24  540.40802
0.25  540.52159
0.26  540.57698
0.27  540.57419
0.28  540.51323
0.29  540.39408
0.3  540.21677
0.31  539.9813
0.32  539.68767
0.33  539.3359
0.34  538.926
0.35  538.458
0.36  537.9319
0.37  537.34775
0.38  536.70555
0.39  536.00534
0.4  535.24715
0.41  534.43102
0.42  533.55697
0.43  532.62505
0.44  531.6353
0.45  530.58777
0.46  529.48249
0.47  528.31953
0.48  527.09892
0.49  525.82074
0.5  524.48503
0.51  523.09186
0.52  521.64129
0.53  520.13338
0.54  518.56821
0.55  516.94585
0.56  515.26637
0.57  513.52985
0.58  511.73638
0.59  509.88603
0.6  507.97889
0.61  506.01506
0.62  503.91881
0.63  501.76571
0.64  499.55632
0.65  497.29122
0.66  494.97097
0.67  492.59618
0.68  516.85714
0.69  511.72649
0.7  506.50367
0.71  501.19073
0.72  495.61162
0.73  489.96851
0.74  484.26554
0.75  478.50682
0.76  472.69644
0.77  466.83847
0.78  460.93692
0.79  454.99579
0.8  449.01903
0.81  443.01052
0.82  0.0
